Let us take an array of elements 
0 1 2 3 4 5 6 7 8 9
Let us take a set of pair of object
9-0  3-4  5-8  7-2  2-1  5-7  0-3  4-2

@ Quick Find::
for 9-0  3-4  5-8  7-2  2-1  5-7  0-3  4-2
ID = 0 1 2 3 4 5 6 7 8 9

ID = [0, 1, 2, 3, 4, 5, 6, 7, 8, 0]

ID = [0, 1, 2, 4, 4, 5, 6, 7, 8, 0]

ID = [0, 1, 2, 4, 4, 8, 6, 7, 8, 0]

ID = [0, 1, 2, 4, 4, 8, 6, 2, 8, 0]

ID = [0, 1, 1, 4, 4, 8, 6, 1, 8, 0]

ID = [0, 1, 1, 4, 4, 1, 6, 1, 1, 0]

ID = [4, 1, 1, 4, 4, 1, 6, 1, 1, 4]

ID = [1, 1, 1, 1, 1, 1, 6, 1, 1, 1]

# The number of times array is accessed is 13 times.

***************************************************
@ Quick Union::
Quick Union.

ID = [0, 1, 2, 3, 4, 5, 6, 7, 8, 0]

ID = [0, 1, 2, 4, 4, 5, 6, 7, 8, 0]

ID = [0, 1, 2, 4, 4, 8, 6, 7, 8, 0]

ID = [0, 1, 2, 4, 4, 8, 6, 2, 8, 0]

ID = [0, 1, 1, 4, 4, 8, 6, 2, 8, 0]

ID = [0, 1, 1, 4, 4, 7, 6, 2, 8, 0]

ID = [3, 1, 1, 4, 4, 7, 6, 2, 8, 0]

ID = [3, 1, 1, 4, 2, 7, 6, 2, 8, 0]

***************************************************
@ Weighted union::

Array                       Size
0,1,2,3,4,5,6,7,8,9         1,1,1,1,1,1,1,1,1,1

9,1,2,3,4,5,6,7,8,9         1,1,1,1,1,1,1,1,1,2

9,1,2,3,3,5,6,7,8,9         1,1,1,2,1,1,1,1,1,2

9,1,2,3,3,5,6,7,5,9         1,1,1,2,1,2,1,1,1,2

9,1,7,3,3,5,6,7,5,9         1,1,1,2,1,2,1,2,1,2

9,7,7,3,3,5,6,7,5,9         1,1,1,2,1,2,1,3,1,2

9,7,7,3,3,7,6,7,5,9         1,1,1,2,1,2,1,5,1,2

9,7,7,9,3,7,6,7,5,9         1,1,1,2,1,2,1,5,1,4

9,7,7,9,3,7,6,7,5,9         1,1,1,2,1,2,1,7,1,4

****************************************************
@ Weighted Quick Union Weighted Path Compression::

9,0 ; 3,4 ; 5,8 ; 7,2 ; 2,1 ; 5,7 ; 0,3 ; 4,2

ID = 0 1 2 3 4 5 6 7 8 9
SZ = 1 1 1 1 1 1 1 1 1 1

ID = 9 1 2 3 4 5 6 7 8 9
SZ = 1 1 1 1 1 1 1 1 1 2

ID = 9 1 2 3 3 5 6 7 8 9
SZ = 1 1 1 2 1 1 1 1 1 2

ID = 9 1 2 3 3 5 6 7 5 9
SZ = 1 1 1 2 1 2 1 1 1 2

ID = 9 1 7 3 3 5 6 7 5 9
SZ = 1 1 1 2 1 2 1 2 1 2

ID = 9 7 7 3 3 5 6 7 5 9
SZ = 1 1 1 2 1 2 1 3 1 2

ID = 9 7 7 3 3 7 6 7 5 9
SZ = 1 1 1 2 1 2 1 5 1 2

ID = 9 7 7 9 3 7 6 7 5 7
SZ = 1 1 1 2 1 2 1 9 1 4

